663.00
660.00
662.00
662.00
662.00
662.00
661.00
644.00
572.00
550.00
599.00
601.00
535.00
576.00
577.00
625.00
631.00
574.00
540.00
509.00
397.00
462.00
417.00
388.00
420.00
318.00
97.00
93.00
127.00
72.00
102.00
166.00
231.00
223.00
208.00
234.00
209.00
255.00
212.00
123.00
132.00
114.00
0.00
0.00
0.00
0.00
0.00
0.00
662.00
663.00
664.00
663.00
663.00
663.00
664.00
663.00
663.00
663.00
663.00
662.00
632.00
394.00
322.00
58.00
0.00
0.00
0.00
0.00
0.00
0.00
18.00
172.00
153.00
217.00
186.00
272.00
295.00
236.00
264.00
223.00
181.00
213.00
179.00
209.00
278.00
279.00
345.00
369.00
353.00
402.00
397.00
411.00
486.00
493.00
577.00
602.00
563.00
619.00
632.00
612.00
645.00
605.00
604.00
627.00
567.00
582.00
608.00
607.00
659.00
644.00
492.00
593.00
561.00
565.00
584.00
536.00
576.00
572.00
544.00
591.00
557.00
559.00
599.00
563.00
581.00
597.00
555.00
588.00
558.00
518.00
537.00
486.00
464.00
514.00
485.00
489.00
530.00
490.00
520.00
537.00
493.00
532.00
514.00
482.00
519.00
482.00
479.00
499.00
448.00
474.00
486.00
453.00
505.00
477.00
461.00
494.00
445.00
447.00
466.00
408.00
447.00
429.00
396.00
445.00
411.00
390.00
407.00
359.00
387.00
394.00
354.00
405.00
424.00
450.00
470.00
309.00
293.00
368.00
314.00
343.00
336.00
297.00
344.00
314.00
312.00
351.00
316.00
338.00
356.00
320.00
356.00
340.00
312.00
342.00
292.00
280.00
299.00
264.00
254.00
285.00
240.00
258.00
275.00
236.00
277.00
256.00
235.00
274.00
235.00
234.00
263.00
217.00
251.00
260.00
229.00
273.00
253.00
241.00
284.00
247.00
260.00
287.00
240.00
275.00
267.00
239.00
277.00
243.00
244.00
279.00
241.00
281.00
297.00
251.00
279.00
256.00
242.00
285.00
244.00
260.00
318.00
310.00
362.00
266.00
176.00
286.00
249.00
249.00
288.00
247.00
273.00
292.00
260.00
306.00
298.00
289.00
337.00
305.00
317.00
343.00
312.00
307.00
336.00
283.00
297.00
305.00
262.00
307.00
293.00
282.00
324.00
285.00
298.00
320.00
273.00
306.00
302.00
267.00
308.00
286.00
279.00
322.00
280.00
306.00
320.00
283.00
325.00
316.00
296.00
344.00
309.00
311.00
338.00
292.00
320.00
325.00
285.00
336.00
316.00
310.00
363.00
328.00
349.00
356.00
309.00
346.00
335.00
309.00
350.00
342.00
380.00
454.00
325.00
264.00
330.00
294.00
339.00
321.00
309.00
348.00
310.00
324.00
354.00
318.00
341.00
386.00
354.00
381.00
396.00
355.00
394.00
373.00
345.00
373.00
325.00
327.00
348.00
314.00
346.00
349.00
316.00
359.00
323.00
317.00
348.00
301.00
323.00
336.00
294.00
333.00
324.00
304.00
351.00
316.00
326.00
360.00
319.00
346.00
353.00
317.00
359.00
336.00
318.00
358.00
317.00
332.00
358.00
320.00
371.00
368.00
333.00
364.00
330.00
325.00
356.00
311.00
339.00
386.00
393.00
454.00
336.00
245.00
358.00
325.00
335.00
360.00
323.00
355.00
375.00
332.00
361.00
384.00
348.00
400.00
383.00
365.00
405.00
366.00
370.00
393.00
340.00
362.00
348.00
314.00
352.00
329.00
318.00
352.00
306.00
319.00
336.00
289.00
328.00
315.00
291.00
338.00
305.00
307.00
342.00
298.00
333.00
340.00
310.00
352.00
336.00
321.00
363.00
322.00
334.00
354.00
312.00
344.00
348.00
324.00
375.00
338.00
321.00
347.00
307.00
328.00
336.00
304.00
372.00
393.00
411.00
370.00
240.00
311.00
342.00
298.00
334.00
338.00
313.00
338.00
358.00
325.00
371.00
367.00
353.00
400.00
364.00
372.00
397.00
350.00
377.00
369.00
320.00
356.00
324.00
313.00
350.00
315.00
332.00
345.00
306.00
336.00
322.00
293.00
331.00
296.00
297.00
327.00
283.00
311.00
321.00
286.00
330.00
315.00
300.00
348.00
311.00
323.00
350.00
303.00
341.00
336.00
307.00
354.00
337.00
331.00
354.00
303.00
324.00
338.00
299.00
341.00
343.00
366.00
457.00
363.00
264.00
327.00
306.00
332.00
338.00
305.00
322.00
332.00
360.00
322.00
363.00
369.00
342.00
394.00
366.00
361.00
396.00
347.00
365.00
364.00
314.00
347.00
329.00
303.00
347.00
313.00
316.00
347.00
302.00
327.00
326.00
287.00
329.00
303.00
291.00
328.00
288.00
303.00
322.00
278.00
313.00
310.00
285.00
338.00
310.00
313.00
347.00
303.00
326.00
337.00
301.00
347.00
332.00
300.00
333.00
294.00
302.00
336.00
293.00
341.00
386.00
405.00
415.00
266.00
266.00
350.00
300.00
321.00
341.00
302.00
322.00
353.00
312.00
349.00
364.00
336.00
388.00
367.00
362.00
401.00
355.00
369.00
377.00
325.00
355.00
339.00
306.00
354.00
322.00
329.00
365.00
319.00
343.00
345.00
306.00
344.00
322.00
308.00
349.00
314.00
325.00
351.00
310.00
350.00
349.00
325.00
372.00
340.00
340.00
374.00
335.00
359.00
375.00
340.00
370.00
338.00
313.00
352.00
309.00
322.00
351.00
346.00
423.00
443.00
315.00
285.00
326.00
322.00
359.00
319.00
339.00
355.00
315.00
357.00
375.00
337.00
381.00
390.00
362.00
409.00
382.00
368.00
403.00
353.00
362.00
365.00
313.00
342.00
332.00
309.00
356.00
321.00
323.00
349.00
306.00
328.00
332.00
297.00
339.00
318.00
304.00
346.00
304.00
319.00
345.00
308.00
343.00
342.00
316.00
359.00
330.00
325.00
364.00
320.00
346.00
369.00
326.00
352.00
330.00
305.00
351.00
317.00
326.00
376.00
379.00
459.00
393.00
256.00
344.00
337.00
320.00
361.00
323.00
340.00
368.00
323.00
363.00
362.00
353.00
381.00
400.00
364.00
404.00
393.00
362.00
400.00
350.00
345.00
368.00
318.00
342.00
351.00
316.00
361.00
336.00
319.00
358.00
314.00
326.00
347.00
302.00
342.00
334.00
307.00
350.00
318.00
318.00
348.00
308.00
337.00
349.00
314.00
356.00
336.00
320.00
362.00
326.00
341.00
365.00
301.00
327.00
328.00
298.00
344.00
312.00
331.00
412.00
416.00
358.00
268.00
286.00
338.00
324.00
302.00
350.00
314.00
319.00
354.00
314.00
354.00
363.00
335.00
371.00
385.00
350.00
390.00
371.00
342.00
373.00
322.00
320.00
341.00
294.00
327.00
333.00
303.00
346.00
320.00
303.00
339.00
292.00
307.00
323.00
284.00
326.00
318.00
294.00
337.00
304.00
313.00
347.00
308.00
337.00
344.00
307.00
348.00
331.00
322.00
365.00
336.00
346.00
353.00
305.00
339.00
336.00
310.00
354.00
351.00
391.00
470.00
352.00
266.00
336.00
317.00
353.00
340.00
322.00
365.00
332.00
342.00
377.00
340.00
384.00
392.00
367.00
413.00
409.00
366.00
403.00
381.00
346.00
376.00
329.00
327.00
351.00
308.00
339.00
338.00
301.00
343.00
313.00
302.00
339.00
297.00
317.00
335.00
297.00
335.00
327.00
304.00
349.00
317.00
321.00
358.00
314.00
346.00
352.00
314.00
360.00
342.00
328.00
372.00
342.00
352.00
358.00
309.00
340.00
337.00
310.00
356.00
343.00
382.00
465.00
362.00
280.00
329.00
314.00
351.00
340.00
320.00
366.00
330.00
340.00
374.00
334.00
372.00
383.00
355.00
403.00
380.00
358.00
403.00
382.00
352.00
381.00
333.00
330.00
357.00
311.00
342.00
341.00
307.00
349.00
320.00
305.00
340.00
297.00
315.00
335.00
294.00
334.00
325.00
299.00
341.00
311.00
313.00
347.00
309.00
337.00
348.00
308.00
351.00
331.00
315.00
360.00
325.00
341.00
372.00
328.00
340.00
338.00
310.00
356.00
327.00
322.00
389.00
388.00
447.00
367.00
241.00
343.00
336.00
318.00
362.00
344.00
362.00
423.00
431.00
514.00
607.00
661.00
663.00
663.00
664.00
663.00
663.00
664.00
664.00
663.00
663.00
663.00
663.00
662.00
654.00
465.00
483.00
518.00
470.00
478.00
373.00
272.00
244.00
133.00
177.00
312.00
529.00
641.00
643.00
565.00
492.00
354.00
244.00
213.00
76.00
48.00
2.00
0.00
0.00
0.00
0.00
326.00
662.00
663.00
662.00
513.00
85.00
0.00
260.00
322.00
171.00
77.00
173.00
158.00
214.00
98.00
41.00
0.00
0.00
0.00
0.00
0.00
0.00
0.00
0.00
0.00
0.00
0.00
0.00
0.00
29.00
413.00
411.00
484.00
350.00
505.00
401.00
383.00
317.00
164.00
172.00
0.00
0.00
0.00
0.00
0.00
0.00
0.00
0.00
0.00
76.00
98.00
100.00
140.00
182.00
152.00
243.00
199.00
228.00
270.00
275.00
290.00
313.00
256.00
4.00
0.00
0.00
0.00
0.00
0.00
0.00
160.00
306.00
284.00
371.00
567.00
620.00
416.00
445.00
397.00
471.00
505.00
516.00
655.00
537.00
524.00
448.00
384.00
344.00
406.00
355.00
422.00
407.00
282.00
229.00
164.00
182.00
251.00
262.00
320.00
326.00
238.00
361.00
429.00
412.00
445.00
411.00
613.00
660.00
661.00
662.00
663.00
663.00
663.00
663.00
663.00
Pomiar: EKG2.txt Czas badania: 14.20 sekund