345.00
319.00
355.00
319.00
332.00
348.00
306.00
334.00
334.00
311.00
356.00
328.00
326.00
362.00
324.00
345.00
355.00
320.00
359.00
357.00
348.00
394.00
372.00
367.00
380.00
320.00
340.00
344.00
309.00
351.00
326.00
322.00
475.00
585.00
481.00
323.00
317.00
352.00
344.00
319.00
362.00
336.00
336.00
373.00
339.00
357.00
372.00
332.00
368.00
360.00
345.00
394.00
373.00
380.00
407.00
358.00
373.00
368.00
325.00
353.00
334.00
315.00
354.00
314.00
330.00
352.00
340.00
323.00
363.00
324.00
329.00
356.00
315.00
339.00
341.00
310.00
349.00
324.00
308.00
342.00
306.00
320.00
344.00
307.00
344.00
337.00
317.00
363.00
351.00
348.00
391.00
349.00
352.00
347.00
296.00
333.00
319.00
305.00
348.00
305.00
355.00
552.00
556.00
370.00
314.00
310.00
346.00
322.00
309.00
350.00
318.00
336.00
364.00
322.00
360.00
357.00
325.00
368.00
340.00
340.00
384.00
352.00
378.00
388.00
338.00
363.00
338.00
308.00
348.00
329.00
291.00
337.00
313.00
304.00
350.00
309.00
326.00
347.00
304.00
339.00
334.00
304.00
349.00
316.00
314.00
347.00
303.00
328.00
341.00
301.00
350.00
334.00
316.00
364.00
327.00
336.00
366.00
329.00
371.00
378.00
345.00
375.00
338.00
311.00
345.00
307.00
317.00
345.00
295.00
341.00
450.00
568.00
500.00
288.00
319.00
357.00
306.00
328.00
357.00
318.00
365.00
353.00
331.00
383.00
357.00
360.00
396.00
348.00
380.00
391.00
358.00
405.00
381.00
344.00
372.00
354.00
322.00
359.00
323.00
319.00
354.00
310.00
341.00
355.00
316.00
359.00
344.00
322.00
366.00
327.00
333.00
363.00
322.00
350.00
351.00
312.00
356.00
327.00
316.00
360.00
318.00
335.00
359.00
314.00
354.00
348.00
323.00
379.00
349.00
353.00
387.00
328.00
337.00
341.00
293.00
336.00
324.00
301.00
340.00
321.00
461.00
615.00
390.00
291.00
333.00
288.00
335.00
320.00
306.00
353.00
314.00
329.00
367.00
314.00
358.00
355.00
316.00
349.00
365.00
320.00
373.00
353.00
325.00
365.00
311.00
320.00
344.00
298.00
333.00
333.00
289.00
341.00
325.00
291.00
330.00
296.00
321.00
345.00
292.00
343.00
339.00
312.00
362.00
325.00
322.00
359.00
308.00
330.00
348.00
306.00
351.00
333.00
314.00
363.00
321.00
342.00
385.00
342.00
383.00
382.00
327.00
364.00
329.00
311.00
360.00
310.00
329.00
350.00
392.00
603.00
533.00
289.00
344.00
320.00
316.00
357.00
311.00
338.00
358.00
316.00
367.00
374.00
322.00
360.00
357.00
321.00
378.00
354.00
356.00
408.00
357.00
369.00
376.00
314.00
345.00
325.00
289.00
336.00
297.00
300.00
342.00
298.00
326.00
340.00
292.00
344.00
323.00
305.00
354.00
309.00
319.00
352.00
302.00
341.00
341.00
298.00
347.00
320.00
308.00
357.00
307.00
327.00
357.00
322.00
370.00
374.00
338.00
378.00
328.00
315.00
352.00
301.00
324.00
338.00
286.00
394.00
551.00
540.00
364.00
293.00
328.00
356.00
309.00
338.00
341.00
309.00
334.00
355.00
315.00
373.00
346.00
312.00
366.00
343.00
357.00
408.00
371.00
398.00
400.00
342.00
387.00
359.00
329.00
374.00
328.00
336.00
365.00
311.00
350.00
351.00
310.00
358.00
318.00
301.00
352.00
309.00
338.00
366.00
307.00
348.00
339.00
303.00
352.00
310.00
300.00
345.00
298.00
328.00
351.00
310.00
366.00
352.00
343.00
402.00
353.00
353.00
384.00
329.00
360.00
363.00
322.00
357.00
362.00
498.00
644.00
379.00
307.00
377.00
320.00
339.00
383.00
331.00
366.00
381.00
340.00
390.00
377.00
355.00
410.00
370.00
378.00
411.00
363.00
401.00
401.00
352.00
393.00
354.00
339.00
379.00
332.00
353.00
378.00
328.00
369.00
371.00
346.00
406.00
377.00
379.00
425.00
384.00
411.00
422.00
365.00
403.00
377.00
343.00
392.00
351.00
357.00
400.00
356.00
392.00
398.00
358.00
416.00
384.00
374.00
423.00
363.00
367.00
392.00
337.00
379.00
369.00
320.00
348.00
361.00
516.00
594.00
286.00
300.00
292.00
346.00
327.00
304.00
358.00
315.00
325.00
362.00
315.00
352.00
358.00
312.00
366.00
334.00
325.00
378.00
329.00
340.00
355.00
297.00
334.00
323.00
286.00
335.00
291.00
285.00
325.00
276.00
308.00
328.00
280.00
329.00
315.00
290.00
343.00
295.00
295.00
333.00
282.00
316.00
325.00
284.00
337.00
309.00
288.00
337.00
290.00
309.00
352.00
302.00
355.00
351.00
305.00
343.00
306.00
293.00
344.00
289.00
313.00
327.00
355.00
575.00
512.00
260.00
311.00
314.00
279.00
330.00
309.00
300.00
355.00
315.00
337.00
365.00
309.00
350.00
337.00
309.00
361.00
336.00
341.00
388.00
329.00
356.00
360.00
305.00
346.00
321.00
293.00
339.00
299.00
304.00
346.00
301.00
338.00
338.00
292.00
336.00
311.00
294.00
345.00
297.00
317.00
343.00
292.00
331.00
329.00
304.00
364.00
340.00
337.00
388.00
328.00
340.00
339.00
288.00
328.00
315.00
289.00
339.00
298.00
408.00
605.00
441.00
281.00
318.00
276.00
327.00
330.00
286.00
333.00
333.00
303.00
364.00
331.00
330.00
374.00
318.00
343.00
361.00
318.00
371.00
358.00
328.00
371.00
324.00
322.00
351.00
295.00
326.00
329.00
289.00
337.00
311.00
297.00
350.00
302.00
318.00
345.00
290.00
333.00
330.00
291.00
345.00
312.00
304.00
346.00
309.00
336.00
366.00
324.00
356.00
325.00
288.00
336.00
298.00
299.00
343.00
283.00
350.00
512.00
553.00
408.00
276.00
300.00
342.00
296.00
306.00
339.00
291.00
335.00
00
363.00
355.00
328.00
379.00
341.00
342.00
382.00
336.00
371.00
378.00
324.00
364.00
338.00
311.00
356.00
308.00
316.00
346.00
296.00
337.00
343.00
298.00
350.00
320.00
306.00
352.00
306.00
321.00
348.00
298.00
341.00
335.00
301.00
353.00
330.00
323.00
379.00
330.00
342.00
340.00
283.00
331.00
317.00
297.00
350.00
296.00
363.00
573.00
528.00
315.00
309.00
286.00
335.00
312.00
298.00
351.00
309.00
330.00
364.00
314.00
357.00
353.00
318.00
367.00
356.00
316.00
375.00
357.00
339.00
380.00
322.00
330.00
349.00
293.00
330.00
324.00
287.00
347.00
318.00
311.00
357.00
307.00
323.00
346.00
287.00
349.00
328.00
308.00
359.00
328.00
331.00
376.00
340.00
385.00
383.00
366.00
424.00
454.00
413.00
451.00
393.00
369.00
381.00
341.00
390.00
421.00
351.00
535.00
487.00
276.00
378.00
298.00
299.00
346.00
333.00
409.00
362.00
311.00
373.00
350.00
382.00
323.00
116.00
286.00
343.00
273.00
343.00
351.00
325.00
402.00
98.00
320.00
251.00
227.00
204.00
340.00
279.00
264.00
278.00
264.00
241.00
251.00
183.00
242.00
197.00
179.00
224.00
223.00
272.00
426.00
418.00
574.00
539.00
622.00
618.00
574.00
619.00
656.00
659.00
660.00
661.00
661.00
660.00
661.00
661.00
661.00
659.00
301.00
344.00
335.00
339.00
338.00
337.00
338.00
339.00
338.00
337.00
309.00
411.00
652.00
248.00
481.00
412.00
447.00
499.00
543.00
449.00
91.00
283.00
391.00
259.00
234.00
385.00
201.00
0.00
0.00
47.00
161.00
181.00
194.00
251.00
292.00
233.00
260.00
247.00
250.00
305.00
292.00
311.00
356.00
318.00
319.00
333.00
313.00
373.00
384.00
382.00
424.00
392.00
496.00
654.00
546.00
374.00
413.00
410.00
445.00
413.00
407.00
429.00
375.00
388.00
421.00
396.00
440.00
441.00
416.00
452.00
428.00
439.00
479.00
429.00
461.00
459.00
399.00
426.00
400.00
381.00
422.00
382.00
377.00
400.00
351.00
367.00
369.00
321.00
349.00
328.00
292.00
317.00
319.00
289.00
334.00
326.00
323.00
358.00
338.00
361.00
391.00
372.00
402.00
375.00
343.00
370.00
336.00
336.00
365.00
309.00
365.00
535.00
567.00
376.00
291.00
307.00
341.00
308.00
318.00
342.00
300.00
333.00
331.00
302.00
341.00
315.00
313.00
357.00
322.00
344.00
369.00
331.00
368.00
352.00
317.00
351.00
309.00
304.00
332.00
286.00
309.00
315.00
273.00
311.00
294.00
279.00
323.00
284.00
285.00
311.00
272.00
303.00
310.00
278.00
290.00
290.00
326.00
287.00
320.00
343.00
306.00
356.00
339.00
309.00
335.00
289.00
299.00
324.00
280.00
313.00
305.00
348.00
565.00
517.00
290.00
312.00
288.00
304.00
319.00
283.00
320.00
314.00
288.00
335.00
310.00
314.00
352.00
315.00
344.00
360.00
328.00
373.00
362.00
338.00
368.00
320.00
320.00
344.00
303.00
329.00
333.00
298.00
342.00
326.00
312.00
346.00
305.00
315.00
338.00
302.00
338.00
334.00
308.00
350.00
321.00
316.00
355.00
315.00
312.00
349.00
316.00
324.00
353.00
314.00
350.00
365.00
335.00
391.00
373.00
351.00
376.00
322.00
328.00
349.00
308.00
343.00
326.00
334.00
538.00
573.00
346.00
315.00
308.00
330.00
348.00
316.00
358.00
348.00
330.00
377.00
343.00
346.00
374.00
337.00
373.00
388.00
361.00
404.00
384.00
365.00
397.00
348.00
349.00
361.00
318.00
348.00
346.00
318.00
360.00
336.00
328.00
367.00
322.00
337.00
350.00
309.00
344.00
337.00
315.00
356.00
325.00
333.00
360.00
335.00
324.00
361.00
328.00
341.00
360.00
323.00
352.00
354.00
328.00
368.00
355.00
347.00
394.00
355.00
360.00
361.00
315.00
352.00
341.00
321.00
360.00
318.00
388.00
584.00
542.00
322.00
325.00
310.00
347.00
331.00
320.00
359.00
328.00
341.00
365.00
325.00
357.00
356.00
338.00
384.00
362.00
359.00
394.00
356.00
378.00
385.00
338.00
365.00
349.00
320.00
363.00
320.00
321.00
347.00
308.00
332.00
339.00
299.00
332.00
317.00
299.00
340.00
337.00
311.00
354.00
328.00
323.00
366.00
326.00
350.00
359.00
311.00
343.00
334.00
309.00
351.00
317.00
308.00
337.00
304.00
344.00
363.00
338.00
363.00
334.00
314.00
352.00
318.00
328.00
349.00
299.00
345.00
469.00
557.00
452.00
264.00
300.00
336.00
300.00
327.00
338.00
312.00
348.00
352.00
330.00
363.00
348.00
349.00
378.00
337.00
367.00
380.00
344.00
383.00
350.00
318.00
349.00
309.00
320.00
346.00
303.00
336.00
337.00
308.00
353.00
328.00
300.00
326.00
302.00
284.00
329.00
298.00
307.00
330.00
290.00
316.00
326.00
305.00
350.00
327.00
317.00
351.00
314.00
335.00
358.00
331.00
361.00
363.00
334.00
356.00
316.00
299.00
326.00
289.00
308.00
326.00
274.00
349.00
499.00
573.00
390.00
286.00
321.00
344.00
300.00
331.00
336.00
303.00
342.00
326.00
310.00
348.00
315.00
330.00
359.00
323.00
363.00
368.00
344.00
383.00
348.00
330.00
356.00
310.00
328.00
340.00
305.00
341.00
330.00
311.00
342.00
345.00
311.00
346.00
322.00
309.00
344.00
307.00
321.00
334.00
290.00
327.00
328.00
305.00
351.00
322.00
321.00
359.00
318.00
344.00
358.00
331.00
367.00
359.00
340.00
367.00
322.00
312.00
334.00
291.00
322.00
331.00
294.00
361.00
486.00
587.00
440.00
277.00
324.00
337.00
297.00
327.00
321.00
296.00
337.00
316.00
316.00
357.00
323.00
343.00
366.00
331.00
373.00
365.00
342.00
378.00
339.00
324.00
342.00
293.00
314.00
323.00
292.00
331.00
339.00
302.00
333.00
325.00
297.00
333.00
299.00
295.00
327.00
289.00
309.00
325.00
290.00
333.00
324.00
306.00
350.00
317.00
315.00
342.00
298.00
323.00
327.00
303.00
346.00
339.00
334.00
367.00
320.00
317.00
340.00
297.00
334.00
335.00
298.00
343.00
419.00
564.00
484.00
259.00
308.00
329.00
288.00
332.00
329.00
304.00
354.00
327.00
327.00
356.00
319.00
342.00
355.00
323.00
366.00
353.00
347.00
387.00
350.00
346.00
362.00
320.00
346.00
346.00
314.00
332.00
347.00
306.00
343.00
326.00
302.00
339.00
308.00
311.00
340.00
309.00
338.00
347.00
309.00
349.00
335.00
320.00
359.00
321.00
329.00
349.00
316.00
364.00
364.00
346.00
387.00
350.00
326.00
355.00
313.00
327.00
342.00
304.00
323.00
362.00
502.00
602.00
347.00
281.00
344.00
300.00
328.00
339.00
307.00
353.00
341.00
322.00
366.00
333.00
341.00
368.00
331.00
365.00
367.00
346.00
387.00
361.00
344.00
369.00
322.00
334.00
349.00
307.00
322.00
313.00
350.00
310.00
321.00
339.00
295.00
328.00
323.00
302.00
347.00
322.00
317.00
349.00
313.00
336.00
347.00
311.00
346.00
326.00
308.00
351.00
332.00
335.00
372.00
332.00
350.00
343.00
305.00
336.00
314.00
300.00
340.00
295.00
368.00
560.00
529.00
326.00
297.00
292.00
330.00
308.00
306.00
337.00
305.00
325.00
342.00
311.00
345.00
335.00
313.00
354.00
332.00
343.00
380.00
347.00
368.00
367.00
322.00
358.00
336.00
319.00
353.00
311.00
299.00
338.00
311.00
307.00
335.00
297.00
314.00
330.00
302.00
339.00
334.00
317.00
358.00
329.00
334.00
361.00
319.00
341.00
340.00
307.00
344.00
326.00
329.00
368.00
347.00
363.00
373.00
321.00
339.00
331.00
303.00
344.00
317.00
300.00
352.00
462.00
595.00
400.00
264.00
340.00
324.00
306.00
345.00
321.00
327.00
359.00
323.00
344.00
353.00
320.00
367.00
355.00
344.00
385.00
355.00
368.00
388.00
341.00
360.00
347.00
308.00
344.00
322.00
311.00
342.00
328.00
311.00
354.00
318.00
322.00
345.00
305.00
326.00
329.00
303.00
340.00
321.00
309.00
347.00
316.00
331.00
352.00
314.00
345.00
342.00
314.00
356.00
347.00
341.00
382.00
345.00
348.00
348.00
302.00
336.00
324.00
304.00
339.00
298.00
355.00
547.00
534.00
348.00
296.00
294.00
330.00
315.00
304.00
344.00
314.00
327.00
353.00
315.00
348.00
347.00
325.00
366.00
346.00
343.00
377.00
347.00
363.00
368.00
320.00
344.00
329.00
307.00
343.00
334.00
300.00
331.00
320.00
296.00
334.00
304.00
299.00
330.00
294.00
322.00
330.00
300.00
335.00
319.00
300.00
339.00
304.00
311.00
333.00
290.00
321.00